0 0.16797798956797874 0.6488218656266708 0.039488471777738995 0.0650501359727422
0 0.2348539587858984 0.7004328324331918 0.03637907493915863 0.044526367380309094
0 0.3076425694348091 0.7131089479791775 0.03814201971068677 0.050627059049665274
0 0.20308862824718338 0.5774903048233677 0.032020199987150416 0.0489697545490381
0 0.16470324171212847 0.383634315675082 0.03641139959036673 0.057656444941722014
0 0.44353416517298566 0.4429523233422608 0.03003284653778019 0.040465216725835765
0 0.47121072059342445 0.45817715545271204 0.02102603865350548 0.020687989786621914
0 0.6998194720331773 0.6187105796520822 0.024327519518719826 0.030485526971488115
0 0.8130911631248193 0.745442448470434 0.02642707730701096 0.04019198787161352
0 0.8926900499160892 0.7287990973712688 0.03596258223468277 0.05284875263402984
0 0.9798028996538378 0.6136711988738596 0.034872863496680395 0.053959599426211986
1 0.08174568027568684 0.7222467615707356 0.03381546940988667 0.06820052377980747
1 0.1921609800965694 0.6649753919598228 0.031459178292545346 0.042960139164422845
1 0.48938223185678503 0.3843686035861147 0.029616353833304195 0.04878760197955651
1 0.8029775422366311 0.6754576811546731 0.032132404326071326 0.05017167762596131
1 0.38346660821681045 0.272515193114544 0.031010360936861322 0.0381524468567304
1 0.28770811339992036 0.7808168081764187 0.021843793677160734 0.042231528886496505
1 0.7379956802756868 0.7719744130392058 0.03761332266729001 0.05774752122646294
1 0.7517094787528001 0.5737123188810531 0.025529442595642902 0.03057660325622877
1 0.5457489095091813 0.6046489690514153 0.022484695059478674 0.03631298978662191
1 0.8614400499160892 0.7264311139680084 0.015577444963495096 0.026242223747533336
1 0.23468488000739907 0.27675565752194553 0.018317904134104442 0.030030145547784083
1 0.6828405644436663 0.24507672392319405 0.012836985792886023 0.02245430194728245
1 0.33661802188579537 0.7678150890586087 0.038927450083133926 0.05904052058812681