0 0.10817307692307693 0.640625 0.03365384615384615 0.0625
0 0.17067307692307693 0.6875 0.03245192307692308 0.042067307692307696
0 0.24278846153846154 0.6947115384615384 0.03365384615384615 0.04807692307692308
0 0.1502403846153846 0.5661057692307693 0.027644230769230768 0.046875
0 0.12980769230769232 0.3737980769230769 0.03125 0.055288461538461536
0 0.4050480769230769 0.41225961538461536 0.026442307692307692 0.038461538461538464
0 0.43149038461538464 0.4254807692307692 0.019230769230769232 0.019230769230769232
0 0.6466346153846154 0.5697115384615384 0.021634615384615384 0.028846153846153848
0 0.7487980769230769 0.6887019230769231 0.02283653846153846 0.038461538461538464
0 0.8305288461538461 0.6658653846153846 0.03125 0.05048076923076923
0 0.9290865384615384 0.5432692307692307 0.030048076923076924 0.051682692307692304
0 0.9651442307692307 0.5625 0.030048076923076924 0.046875
1 0.9783653846153846 0.4699519230769231 0.037259615384615384 0.07211538461538461
1 0.014423076923076924 0.7211538461538461 0.027644230769230768 0.06610576923076923
1 0.1310096153846154 0.6550480769230769 0.027644230769230768 0.040865384615384616
1 0.4567307692307692 0.34975961538461536 0.025240384615384616 0.046875
1 0.7451923076923077 0.6189903846153846 0.027644230769230768 0.04807692307692308
1 0.3605769230769231 0.24519230769230768 0.027644230769230768 0.036057692307692304
1 0.21634615384615385 0.7644230769230769 0.018028846153846152 0.040865384615384616
1 0.6706730769230769 0.7211538461538461 0.03245192307692308 0.055288461538461536
1 0.703125 0.5204326923076923 0.02283653846153846 0.028846153846153848
1 0.49278846153846156 0.5673076923076923 0.019230769230769232 0.03485576923076923
1 0.9747596153846154 0.6274038461538461 0.030048076923076924 0.051682692307692304
1 0.7992788461538461 0.6658653846153846 0.013221153846153846 0.025240384615384616
1 0.21033653846153846 0.2608173076923077 0.015625 0.028846153846153848
1 0.6646634615384616 0.19471153846153846 0.010817307692307692 0.021634615384615384
1 0.2668269230769231 0.7475961538461539 0.03365384615384615 0.056490384615384616