0 0.13801066583647845 0.6412543325516658 0.036564830438080446 0.06269579234940728
0 0.20269390404965415 0.6884929469148505 0.0344112394220808 0.04225610745780765
0 0.27514517146706585 0.6961240404108329 0.03589306483402643 0.048272715426330354
0 0.1766071845745068 0.566979842219194 0.02982746898240653 0.047035829429870106
0 0.14721761754609358 0.37455327598507593 0.033825101482207263 0.055470268720053895
0 0.4242493771056223 0.41461611616140853 0.02823368263645188 0.03861537530750125
0 0.4513074699349796 0.4279911068535252 0.020126456702841394 0.01934265057328752
0 0.673169356744751 0.5734735486037187 0.02297814659272363 0.028972020356487056
0 0.7808748845166587 0.6930583028512322 0.024627913405682787 0.038594397555778995
0 0.8615420248743424 0.6706972600953969 0.03360117961418915 0.05066257641236159
0 0.9543897095475751 0.5486744981296496 0.03245523700427073 0.05185750690537734
0 0.9876137158796066 0.5681150448776408 0.02477256824078685 0.0470498145976849
1 0.9899722627558517 0.4756438863775453 0.020055474488296674 0.07233215471651401
1 0.04801135712578034 0.7212377571607349 0.03072315645447859 0.06626659866063934
1 0.16151896990207099 0.6558102685689833 0.02954756664738398 0.04102621404525472
1 0.4730210851290804 0.3524167972694267 0.027423622828560375 0.04702184426205532
1 0.7740222481996282 0.6233257866379716 0.029883449449410904 0.048237752506793186
1 0.37199693834584224 0.2472900828645272 0.02932364477936594 0.03621852173756242
1 0.25194973086101946 0.7656817420264086 0.019932182031999365 0.04097027337399558
1 0.7042613571257803 0.7250557079741744 0.035027024559130274 0.05547726130396122
1 0.7273645422129509 0.5245233538935203 0.024180069669646705 0.028979012940394382
1 0.5192112419645882 0.5701746517097257 0.02085420277389989 0.03496765057328752
1 0.993876900329416 0.6330748317027461 0.012246199341167979 0.05185750690537734
1 0.8302920248743424 0.6705154529138044 0.014396743653248424 0.025317303038366008
1 0.2224842998015162 0.2620410098761024 0.01696853120810811 0.028937057436950023
1 0.6737322971931914 0.1985784373623297 0.011824956098388602 0.021697548639781992
1 0.3016467735537256 0.7491485074735963 0.03628492810305786 0.0566861769647919