0 0.02645742835101561 0.7160216836500186 0.05291485670203122 0.06870142369100198
0 0.17149361313632636 0.8247967178702056 0.04601796215477197 0.06055936759277632
0 0.13986821655833495 0.841601198712621 0.0414805117814101 0.07714141760741346
0 0.32317347132549973 0.5800859760155856 0.06452735953027045 0.08047578139794681
1 0.28274668607186765 0.8353609722133428 0.0670962929747861 0.09614975601040389
1 0.38812471956716676 0.7889940704289804 0.05088558710947284 0.07512936835322502
1 0.42365445856538575 0.603479587305219 0.049893973319871776 0.07748423989461382
1 0.35567061639907516 0.5946784190105417 0.07190398528247854 0.09634565446023288
1 0.3810205158404577 0.9704763283119049 0.05961451257891726 0.05904734337619015
1 0.47295237555192493 0.9592019153109258 0.04984875132321912 0.08159616937814845
1 0.5831517219596881 0.7933221884162814 0.06071128101217933 0.07792501140672889
1 0.5453053106641751 0.7157889739092103 0.04078965127243569 0.05555577683525515
1 0.714264311896796 0.6044651612151023 0.054340979699928536 0.08724654834737021