0 0.08882233137880674 0.7094590855807505 0.06447113334230728 0.06870142369100198
0 0.25227072626447045 0.8050109744374867 0.041550681033635954 0.06055936759277632
0 0.22243243395922555 0.8242641859027636 0.03573686462566391 0.07714141760741346
0 0.3791694052048916 0.5497217162921066 0.05860137436957986 0.08047578139794681
1 0.3641195006242607 0.8064659508635803 0.05998511078195753 0.09614975601040389
1 0.4644936421558693 0.7518713141864043 0.0453242779586709 0.07512936835322502
1 0.48155663700237394 0.5647896434640118 0.044150326164125446 0.07748423989461382
1 0.4129770934118146 0.5615715809894583 0.06479280308964984 0.09634565446023288
1 0.47633274372027373 0.9425852865175158 0.053779696420698804 0.07907795987119488
1 0.5662392185892948 0.9184794982755317 0.04310224514027921 0.09065641912831059
1 0.6591632236938414 0.7403316577375647 0.05496763385643314 0.07792501140672889
1 0.6138109744527929 0.6664225645523282 0.03668704616118841 0.05555577683525515
1 0.7710942277701363 0.5421694541695131 0.047867980524405156 0.08724654834737021