0 0.08052884615384616 0.7127403846153846 0.06370192307692307 0.06610576923076923
0 0.24278846153846154 0.8149038461538461 0.040865384615384616 0.05889423076923077
0 0.2127403846153846 0.8329326923076923 0.03485576923076923 0.07572115384615384
0 0.37259615384615385 0.5649038461538461 0.057692307692307696 0.078125
1 0.3545673076923077 0.8209134615384616 0.05889423076923077 0.09375
1 0.45552884615384615 0.7704326923076923 0.04447115384615385 0.0733173076923077
1 0.47475961538461536 0.5841346153846154 0.04326923076923077 0.07572115384615384
1 0.40625 0.578125 0.06370192307692307 0.09375
1 0.4651442307692308 0.9615384615384616 0.052884615384615384 0.07692307692307693
1 0.5552884615384616 0.9411057692307693 0.042067307692307696 0.0889423076923077
1 0.6502403846153846 0.7668269230769231 0.054086538461538464 0.07572115384615384
1 0.6057692307692307 0.6911057692307693 0.036057692307692304 0.054086538461538464
1 0.7644230769230769 0.5733173076923077 0.046875 0.08533653846153846