0 0.7295673076923077 0.9134615384615384 0.03245192307692308 0.05048076923076923
0 0.9122596153846154 0.6358173076923077 0.026442307692307692 0.046875
0 0.37740384615384615 0.04567307692307692 0.021634615384615384 0.037259615384615384
0 0.5420673076923077 0.5504807692307693 0.02283653846153846 0.03365384615384615
1 0.41225961538461536 0.6790865384615384 0.018028846153846152 0.025240384615384616
1 0.2860576923076923 0.20432692307692307 0.014423076923076924 0.019230769230769232
1 0.25961538461538464 0.17548076923076922 0.015625 0.02403846153846154
0 0.34375 0.7800480769230769 0.014423076923076924 0.030048076923076924
1 0.3449519230769231 0.7524038461538461 0.016826923076923076 0.02403846153846154
0 0.4230769230769231 0.7427884615384616 0.020432692307692308 0.030048076923076924
0 0.2692307692307692 0.21514423076923078 0.02283653846153846 0.046875