0 0.697668527868115 0.8624452225364052 0.03421475038299677 0.05275002875297447
0 0.8900563857438287 0.5720259011236486 0.028079218762233456 0.04872402627735239
0 0.3758089071626365 0.01933432833968108 0.0229357498248128 0.03866865667936216
0 0.52284409564036 0.5125757305450442 0.024011756665587677 0.03525073248428694
1 0.3885453909100512 0.6502585378646345 0.018910259806882997 0.026501084349943173
1 0.27892243892596497 0.1843238206219285 0.015094630182533618 0.02023932901841605
1 0.2534874611228423 0.15732669305312713 0.01646444157432087 0.025131067975078844
0 0.3165101209132881 0.7560107353174952 0.015472378890977941 0.031056636710723604
1 0.3186774018006802 0.7282824578992938 0.017666364651243945 0.02521511462404947
0 0.3971381784304085 0.7132040411008226 0.021481994275593327 0.031476869955576456
0 0.2617177671405975 0.19631778139982414 0.02447344953146409 0.048471886330440785