0 0.8309523426810485 0.9644778543866717 0.038054780273669146 0.05275002875297447
0 0.982828935791252 0.6996087142609668 0.03164496080357209 0.04872402627735266
0 0.38247309790328315 0.07206372469983446 0.02577005760126137 0.03877245506608556
0 0.6031651314092067 0.5883858079164942 0.026571776592702642 0.03525073248428694
1 0.4876313848170344 0.7079145390584424 0.02083027475221919 0.026501084349943173
1 0.30873592381833165 0.22433002553191764 0.016557498712313618 0.02023932901841605
1 0.279091983442169 0.19363484540841133 0.018293027236545766 0.025131067975078844
0 0.4303274838259114 0.8040854185286587 0.017758110968759164 0.031056636710723604
1 0.4284611755808068 0.7765252344083985 0.01949495031346884 0.02521511462404947
0 0.5055189646861885 0.7723728819761005 0.023767726353374687 0.031476869955576456
0 0.2931096129978542 0.2339706801386374 0.028039191572802793 0.048471886330440785