1 0.9206730769230769 0.7295673076923077 0.02283653846153846 0.04326923076923077
1 0.328125 0.31850961538461536 0.027644230769230768 0.036057692307692304
1 0.8064903846153846 0.42908653846153844 0.028846153846153848 0.05048076923076923
1 0.2776442307692308 0.8942307692307693 0.018028846153846152 0.042067307692307696
1 0.33774038461538464 0.8569711538461539 0.019230769230769232 0.03245192307692308
1 0.34134615384615385 0.7199519230769231 0.025240384615384616 0.046875
1 0.09495192307692307 0.5096153846153846 0.03485576923076923 0.04807692307692308
0 0.3112980769230769 0.8497596153846154 0.03245192307692308 0.0625
0 0.31490384615384615 0.6899038461538461 0.03245192307692308 0.07451923076923077
0 0.7884615384615384 0.4855769230769231 0.030048076923076924 0.055288461538461536
0 0.8365384615384616 0.5552884615384616 0.02403846153846154 0.05889423076923077
0 0.8930288461538461 0.6634615384615384 0.030048076923076924 0.051682692307692304
0 0.020432692307692308 0.9050480769230769 0.039663461538461536 0.07211538461538461
0 0.27403846153846156 0.7463942307692307 0.02403846153846154 0.04447115384615385
1 0.6526442307692307 0.6334134615384616 0.026442307692307692 0.04807692307692308
1 0.6418269230769231 0.7079326923076923 0.021634615384615384 0.04447115384615385
1 0.8641826923076923 0.5480769230769231 0.026442307692307692 0.05048076923076923
1 0.8822115384615384 0.7524038461538461 0.025240384615384616 0.04567307692307692
1 0.65625 0.4266826923076923 0.021634615384615384 0.038461538461538464
1 0.5024038461538461 0.453125 0.025240384615384616 0.052884615384615384