1 0.8951960251424389 0.7188543065416841 0.024347533295316026 0.04353495795181809
1 0.31700239914024864 0.314691535340072 0.028903393130712073 0.036379362055034864
1 0.7915063525137571 0.4197021732238512 0.030608981152227537 0.05081642461930053
1 0.24641700420449483 0.8910000861161556 0.019497868908907607 0.04227709231013977
1 0.30781429249084596 0.8530411886721001 0.020364015356102473 0.032675693335944035
1 0.31620487869524416 0.7159800009793028 0.02687729568531038 0.047168698464964805
1 0.07715576170132087 0.5085105189614691 0.036534652379410934 0.048482506671398355
0 0.2816238172708345 0.8461373343167153 0.03463447117015734 0.06287761231209779
0 0.2908118729708375 0.6862396081623795 0.03505419195731777 0.07489684308132857
0 0.7715048186602572 0.4764023424570679 0.03197879254401506 0.05563810256818158
0 0.8171473611716498 0.5455544552710542 0.0260950933955476 0.05917394359300683
0 0.8698602587025904 0.6530702070582574 0.03185287630786686 0.05203233333741235
0 0.004959305082612013 0.9048103210228672 0.009918610165224027 0.07257691077461513
0 0.24797380065579888 0.7432055045781835 0.025591428450955078 0.04475086666992977
1 0.6305249452858761 0.6258192583729412 0.028121190840949432 0.04838460718307676
1 0.6171053687131738 0.7004643599128711 0.023187582297108926 0.04472289538755229
1 0.8450434244131768 0.5380212470621732 0.02820513499838138 0.05078845333692291
1 0.8559370171852957 0.7421383855212642 0.026835323606594404 0.045966775388041725
1 0.6413499120558048 0.41904653221860555 0.022977721903528776 0.0387132800029369
1 0.486580372477898 0.44727900198308007 0.027087156078890527 0.05317831384958019