1 0.8781806201270673 0.6759442073533566 0.02535668416937425 0.0445993076705886
1 0.3095739274284307 0.2993985104335271 0.029744352192427215 0.03766778539880961
1 0.7814989396793461 0.38211382262937643 0.03178632383862898 0.052160866369326334
1 0.22556121947395713 0.8780598342721562 0.020478987814242143 0.04311736840390578
1 0.28782749879074737 0.8373000165155464 0.021120878511646072 0.033571987835960965
1 0.2994137294296634 0.7000707736039959 0.027970542465540076 0.04834508499623743
1 0.0652702069624123 0.5040850648676337 0.03765593112836458 0.050107040452679726
0 0.261805215383079 0.8316285670976854 0.03609213354379703 0.06439010928087677
0 0.2747215229233528 0.6715627857245965 0.03679217401819584 0.07640934005010755
0 0.7601799032958253 0.43965426795635926 0.03326826310531153 0.057038562724458716
0 0.8041965916212352 0.5065656445203023 0.027468659863015814 0.0602943117180284
0 0.8543866119670303 0.6114485312137047 0.03305825096299186 0.053432793493689484
0 0.23056594807829361 0.7304333079529373 0.026628611293737264 0.045871234794951476
1 0.615752097768412 0.5954012637786046 0.029242469589902953 0.04961701212060058
1 0.6005945391348315 0.6705505309747942 0.02422476513989111 0.045731226700071875
1 0.8322608466751051 0.49774401296764653 0.029382477684782825 0.05202085827444673
1 0.8383890047641712 0.7010208753329713 0.027900538418100276 0.04714316191931435
1 0.6313985631588412 0.38846048240551573 0.023874744902691702 0.03972161131545636
1 0.4760123202690099 0.4238633081701285 0.02832056270273962 0.05435470038085295