0 0.48478502704659765 0.3335819509746197 0.1832259395888358 0.29925401603772556
0 0.6217092511713105 0.4708800763583796 0.18062330826021566 0.22126902413260544
0 0.07825737673566825 0.32427365581557593 0.129909628432292 0.30812306467216166
1 0.26365609428685166 0.6200619107174122 0.13046677145980687 0.1860169391580868
1 0.6807824407956404 0.776074825308511 0.19093005504443966 0.3260463439672328
1 0.8949479659965367 0.879839329605721 0.21010406800692666 0.24032134078855805
1 0.5416065735724243 0.7344405177465182 0.12331611422040549 0.22391844524010635
1 0.4320577017917507 0.9393539856819265 0.13122269966209535 0.12129202863614698
1 0.39333833933895745 0.7377792466332033 0.09830864020217553 0.13265414971183767
1 0.4782270405202053 0.7918183680129616 0.07972449342647057 0.1603102347515133
1 0.11757493711843886 0.6762152509412728 0.12780141650339366 0.16311039664910856