0 0.47584711084182174 0.34173690681006946 0.17477873250902795 0.30214091254794945
0 0.6089858645739236 0.48128976158502607 0.17445439354633135 0.22419806511743104
0 0.06889885270949116 0.3252851232060193 0.12111191483464985 0.3100617105038447
1 0.24595551513621705 0.6240024190926812 0.12524422434407503 0.18810309065087638
1 0.6592262899488279 0.7871798943660873 0.18171173362539614 0.32903860166396126
1 0.8701122949724854 0.8863611870503506 0.20221310288467828 0.22727762589929876
1 0.5210318409755479 0.7431433517517915 0.11697194624760379 0.2258360188344885
1 0.404998598614939 0.9420828404123935 0.1272970266623507 0.11583431917521299
1 0.37241310022424684 0.7438691232131647 0.09459327111313123 0.13423456750940505
1 0.45586472468237393 0.7993411567293843 0.07516790869462397 0.1615324245149657
1 0.09798162277149879 0.6775217296539289 0.12324483177154712 0.16517547590459714