0 0.4651442307692308 0.30649038461538464 0.16466346153846154 0.28966346153846156
0 0.59375 0.4362980769230769 0.16706730769230768 0.21153846153846154
0 0.057692307692307696 0.32091346153846156 0.11057692307692307 0.3016826923076923
1 0.2247596153846154 0.6069711538461539 0.11899038461538461 0.17908653846153846
1 0.6334134615384616 0.7391826923076923 0.17067307692307693 0.3161057692307692
1 0.8401442307692307 0.8581730769230769 0.19230769230769232 0.28365384615384615
1 0.4963942307692308 0.7055288461538461 0.109375 0.21754807692307693
1 0.37259615384615385 0.9278846153846154 0.12259615384615384 0.1346153846153846
1 0.3473557692307692 0.7175480769230769 0.09014423076923077 0.12740384615384615
1 0.42908653846153844 0.7668269230769231 0.06971153846153846 0.15625
1 0.07451923076923077 0.671875 0.11778846153846154 0.15625