0 0.44350961538461536 0.44350961538461536 0.09975961538461539 0.14182692307692307
0 0.5504807692307693 0.3245192307692308 0.0889423076923077 0.0733173076923077
0 0.5192307692307693 0.5168269230769231 0.09495192307692307 0.1045673076923077
0 0.24639423076923078 0.7644230769230769 0.1658653846153846 0.19951923076923078
0 0.375 0.7283653846153846 0.11057692307692307 0.13341346153846154
1 0.16105769230769232 0.8545673076923077 0.09735576923076923 0.11658653846153846
0 0.07932692307692307 0.5264423076923077 0.15745192307692307 0.15865384615384615
0 0.057692307692307696 0.6802884615384616 0.11538461538461539 0.15264423076923078
0 0.027644230769230768 0.8581730769230769 0.055288461538461536 0.15985576923076922
0 0.31850961538461536 0.17668269230769232 0.06610576923076923 0.09615384615384616
0 0.2247596153846154 0.05889423076923077 0.12259615384615384 0.11778846153846154