0 0.42802191833839554 0.47193100293892265 0.10471232067310837 0.1482198097083797
0 0.5391483079774376 0.35979564133799163 0.09150260449398627 0.07901698974926893
0 0.5011827753828707 0.5501007426526975 0.09860349392521879 0.11065210340176644
0 0.21969998870582746 0.7802127366754699 0.17283274968224768 0.21014836757815877
0 0.349564920298078 0.7523964765312218 0.11523582381440384 0.14049955274441353
1 0.13121554434058577 0.8648883535792377 0.10142706086622538 0.12282537963199622
0 0.07121963566650832 0.5315258079052733 0.14243927133301665 0.16874382384927777
0 0.0471468229149019 0.6839855526024365 0.0942936458298038 0.16003841289718077
0 0.014055770284911865 0.8599445997245649 0.02811154056982373 0.16339881483374524
0 0.31233971981335706 0.19709371589005392 0.0694635355280527 0.10039009633131747
0 0.22270298352752926 0.07329748137263312 0.1267094175603261 0.12564478004940827