0 0.38150369005738877 0.3747778400252621 0.1346032180310298 0.13778841499904454
0 0.4748489935036294 0.42098934590920867 0.1006346771969873 0.11956377649579125
0 0.2152661313633971 0.7655978310195197 0.19568541520846525 0.19462842880979908
0 0.03814013673461585 0.5326197450907006 0.06081827484892358 0.1794221824890936
0 0.2929423695046797 0.120682589920975 0.07849655032405806 0.09059175613930427
0 0.12436452734743014 0.03317215921938509 0.1225271316179372 0.06561009712849337
0 0.2709991427320455 0.034025254456087686 0.073143387237359 0.05931378580367466
0 0.33963463598873933 0.04163537020034784 0.0759038873620941 0.07976046327918176
0 0.21692750062367608 0.10341513405788581 0.08355599837590735 0.10504280339801077
0 0.06281680069446147 0.7070244577548799 0.10219325424479957 0.1400034613873909
0 0.3547582305146907 0.7015121171828392 0.13278680194688328 0.17142827598507593