0 0.3641585591899761 0.39881870832497024 0.13619839088845048 0.14626436215599298
0 0.4553776853040823 0.4509633772187807 0.10201995888895801 0.12588220983097095
0 0.17968063706767295 0.778542913950132 0.19793824705096286 0.20695707921990583
0 0.02240249104213154 0.5344690426522166 0.04480498208426308 0.18312077761212558
0 0.2874031180341189 0.13932967366626145 0.07954600615130854 0.09552321630334695
0 0.12285382240091355 0.041108727920891305 0.1232827398135575 0.07339255769987327
0 0.26948843778552894 0.05136241909530029 0.07382903171116258 0.06393702970746469
0 0.33778821883188576 0.06336461654816097 0.07682740849007462 0.08453781531309815
0 0.2121715776439016 0.11720781170419274 0.08477336713551789 0.11028247982230617
0 0.04091260518845346 0.7102607284875331 0.08182521037690692 0.14639894878763388
0 0.3221941461119997 0.723472525725842 0.1347737716464774 0.1797501150118979