0 0.375 0.37259615384615385 0.13221153846153846 0.13701923076923078
0 0.4675480769230769 0.4182692307692308 0.0985576923076923 0.11899038461538461
0 0.20192307692307693 0.7644230769230769 0.19230769230769232 0.1935096153846154
0 0.028846153846153848 0.5324519230769231 0.057692307692307696 0.17908653846153846
0 0.29086538461538464 0.11899038461538461 0.07692307692307693 0.09014423076923077
0 0.12379807692307693 0.03245192307692308 0.12139423076923077 0.06490384615384616
0 0.2704326923076923 0.03245192307692308 0.07211538461538461 0.05889423076923077
0 0.3389423076923077 0.039663461538461536 0.07451923076923077 0.07932692307692307
0 0.21514423076923078 0.10216346153846154 0.08173076923076923 0.1045673076923077
0 0.05048076923076923 0.7067307692307693 0.09975961538461539 0.13942307692307693
0 0.3425480769230769 0.6995192307692307 0.12980769230769232 0.17067307692307693