1 0.7427884615384616 0.9326923076923077 0.11538461538461539 0.1346153846153846
0 0.8653846153846154 0.8870192307692307 0.1466346153846154 0.15264423076923078
0 0.7644230769230769 0.7295673076923077 0.10096153846153846 0.15865384615384615
0 0.9399038461538461 0.7055288461538461 0.1201923076923077 0.2127403846153846
0 0.9495192307692307 0.21394230769230768 0.09375 0.13581730769230768
0 0.8161057692307693 0.20192307692307693 0.13581730769230768 0.16466346153846154
0 0.47596153846153844 0.4519230769230769 0.14182692307692307 0.15384615384615385
0 0.3293269230769231 0.4182692307692308 0.171875 0.19591346153846154
0 0.24639423076923078 0.19831730769230768 0.09975961538461539 0.14543269230769232
0 0.5973557692307693 0.33533653846153844 0.09375 0.14182692307692307
0 0.2668269230769231 0.06370192307692307 0.078125 0.10817307692307693