1 0.8408183732766406 0.9406652026818912 0.12953326243961036 0.1186695946362175
0 0.9386375040184488 0.9071612812692315 0.1227249919631024 0.15605718932617554
0 0.8411036908729154 0.7473594523006416 0.11763672963349674 0.16100375204551298
0 0.9713909022115021 0.7274053510024581 0.057218195576995666 0.21553789162927364
0 0.9589964931398917 0.23604261310203073 0.08200701372021676 0.1379993631631411
0 0.8373287398132617 0.22091814954738315 0.153124134893507 0.1678246444641561
0 0.52346056786045 0.4630012046980773 0.15799680542548863 0.15714721212254285
0 0.37328879071208587 0.4259343999872866 0.1924663345532514 0.1999138965683228
0 0.2672382197341786 0.2040521970707801 0.11504520729224382 0.14775462312922016
0 0.6326010596624083 0.34924014832056677 0.10865661029008404 0.1440089785477565
0 0.27352226498687604 0.06991238864775663 0.08949444852633516 0.10999145648210475