1 0.7916687941389904 0.8894298063744593 0.12243950874964026 0.14133577316961357
0 0.9118713234505822 0.8366163166125145 0.15463436053959884 0.1611847245568967
0 0.8026580793567379 0.6850447335205415 0.1092762342131747 0.16453418613879642
0 0.9556041333969928 0.6507856810558569 0.08879173320601443 0.21974078935937305
0 0.955148765133948 0.15863911021479943 0.08970246973210404 0.14127762339261862
0 0.8266881092783064 0.15439032871139574 0.144446954040597 0.17257391889916837
0 0.4996458233298359 0.4242014741368829 0.14988965835123713 0.16210663144406018
0 0.3512474846039643 0.39908812177070263 0.18214238945088426 0.2059240403223649
0 0.2567876004587762 0.1839664779671315 0.10738141982361536 0.15124302824520264
0 0.6149300125240006 0.30054452688391614 0.10118283408100837 0.147287238777234
0 0.2701653994014437 0.05226134727430177 0.08379411073975208 0.10452269454860354