0 0.5751306958238638 0.4980371915785425 0.13635642844401594 0.159612141947618
0 0.7346665592386115 0.7970558408124992 0.12311069697602679 0.1733634532666408
0 0.770995398850821 0.39963418496247327 0.09985733077370676 0.12318891964072247
0 0.6835985058428785 0.3783684135044086 0.09985733077370676 0.12318891964072247
0 0.9833623137042805 0.5278348352148206 0.03327537259143899 0.12139754469657842
0 0.15820926693390322 0.9035332903866077 0.18337849744286036 0.19293341922678472
0 0.36084350796153364 0.9471811287154797 0.16272540000298405 0.08660438378750886
1 0.4568508802147839 0.7339862725093638 0.1255391207517081 0.15910831774457754
1 0.4207937830053403 0.5583112286077526 0.13608666970207886 0.14163927626077635
1 0.6128309231067641 0.7677421378151762 0.11258792401357412 0.11779508939315683
1 0.6301488035221396 0.6547317213872309 0.11339739860546771 0.1130433775524689