0 0.5598526249857246 0.5383293071029598 0.13186081219739096 0.15744830998625867
0 0.7104674999110762 0.8475346762889138 0.1181936167062809 0.1714517182328182
0 0.7583163561552618 0.45529733327160066 0.09638025258295795 0.12161331384361623
0 0.6716570251877813 0.4275739089868234 0.09638025258295795 0.1216133138436161
0 0.9758725467933996 0.5997785448758006 0.048254906413200654 0.12049419737290415
0 0.9977408197206837 0.6367455193159466 0.004518360558632613 0.1282781558965899
0 0.13169215547920204 0.9074519230769231 0.17796970914613983 0.18509615384615385
0 0.3327810284220552 0.9633091915868677 0.16040734787581812 0.07338161682626475
1 0.4348645070086344 0.7639097623683555 0.12104350450508314 0.15713355847887064
1 0.40397034408242394 0.5865975670458876 0.13211788348435533 0.13945443622212217
1 0.5896504018351048 0.8092166404768789 0.10928645583245902 0.11598839474580831
1 0.6102346284296687 0.6982071868966474 0.11023641843205977 0.11121567482782552