0 0.5324519230769231 0.5228365384615384 0.12379807692307693 0.15384615384615385
0 0.6670673076923077 0.828125 0.109375 0.16826923076923078
0 0.7355769230769231 0.4338942307692308 0.09014423076923077 0.11899038461538461
0 0.6502403846153846 0.40865384615384615 0.09014423076923077 0.11899038461538461
0 0.9507211538461539 0.5721153846153846 0.051682692307692304 0.11899038461538461
0 0.9819711538461539 0.6081730769230769 0.030048076923076924 0.12740384615384615
0 0.08413461538461539 0.9074519230769231 0.16826923076923078 0.18509615384615385
0 0.2824519230769231 0.9603365384615384 0.15625 0.07932692307692307
1 0.3954326923076923 0.7524038461538461 0.11298076923076923 0.15384615384615385
1 0.3737980769230769 0.5757211538461539 0.125 0.13581730769230768
1 0.5480769230769231 0.7932692307692307 0.10336538461538461 0.11298076923076923
1 0.5745192307692307 0.6814903846153846 0.1045673076923077 0.10817307692307693