0 0.2079600386086184 0.4957355427256148 0.1787623542979908 0.20953642043568976
0 0.20508855728888184 0.1701000165436415 0.1180645292092371 0.16718589648101187
0 0.07692165751480032 0.07546427085361218 0.12030415416889452 0.14932499172817926
0 0.7906718767796903 0.5979448648000858 0.12647799074769878 0.16757775975004344
0 0.11928670154570324 0.7334133902788805 0.1642109189313108 0.15975375007880316
0 0.05213026698587494 0.9258660046451056 0.10426053397174988 0.14636465483163563
0 0.27158455855126373 0.7466805828099962 0.16730751261249757 0.2006191346941875
0 0.4393252629873426 0.7616238754238994 0.1562528388165532 0.16537150219438684
0 0.575521968377353 0.9241534513614945 0.15836410533260767 0.09839969268872159
0 0.8789185981281041 0.792649775406929 0.10637232142010716 0.12352480244274953
1 0.17786900189357274 0.8612321190442392 0.10832078615024941 0.11762714799214316
1 0.4847043408643511 0.9056274088593029 0.08929010086425461 0.10356628714092181