0 0.2670615172261794 0.5258821768333999 0.1716892733543521 0.21430945164782406
0 0.22609619186858365 0.19686434536128491 0.11238080345095601 0.17027432844180473
0 0.0861650167298691 0.08561118672403743 0.1152519534948669 0.15251871114218088
0 0.8648988522946366 0.7005904775183005 0.12079426498941769 0.17091186243499015
0 0.20569810511687658 0.7548836760336933 0.15886400655129823 0.1642109189313109
0 0.13285827311881462 0.9310626099587582 0.15471951658349956 0.13787478008248344
0 0.36037682737480325 0.7869741327882066 0.16052914337484386 0.2050763035466955
0 0.5307784988576443 0.8226524273981961 0.15069541807512282 0.16958300032274073
0 0.6867223807525745 0.9760030788452306 0.15516437823905677 0.04799384230953872
0 0.9626459473229515 0.9079422687752392 0.07470810535409701 0.12636756367938828
1 0.27954595325932946 0.8910846396485337 0.10436322895559445 0.12054010086425447
1 0.5932437861928104 0.960295613396067 0.08579566206471881 0.079408773207866