0 0.24639423076923078 0.5072115384615384 0.16346153846153846 0.20192307692307693
0 0.21875 0.18028846153846154 0.10576923076923077 0.1622596153846154
0 0.0829326923076923 0.07932692307692307 0.109375 0.14423076923076922
0 0.8389423076923077 0.6370192307692307 0.1141826923076923 0.1622596153846154
0 0.17548076923076922 0.7415865384615384 0.15264423076923078 0.15264423076923078
0 0.09495192307692307 0.9302884615384616 0.14903846153846154 0.13942307692307693
0 0.3293269230769231 0.7620192307692307 0.15264423076923078 0.1935096153846154
0 0.4987980769230769 0.7848557692307693 0.14423076923076922 0.15865384615384615
0 0.6478365384615384 0.9543269230769231 0.15144230769230768 0.09134615384615384
0 0.9423076923076923 0.8365384615384616 0.09735576923076923 0.11899038461538461
1 0.2439903846153846 0.8725961538461539 0.09975961538461539 0.11298076923076923
1 0.5552884615384616 0.9314903846153846 0.08173076923076923 0.09975961538461539