1 0.15745192307692307 0.41586538461538464 0.1141826923076923 0.1502403846153846
1 0.17668269230769232 0.2800480769230769 0.0733173076923077 0.07692307692307693
1 0.2608173076923077 0.3737980769230769 0.08173076923076923 0.0829326923076923
1 0.47596153846153844 0.6802884615384616 0.10576923076923077 0.11899038461538461
0 0.4987980769230769 0.44591346153846156 0.14423076923076922 0.17908653846153846
0 0.6213942307692307 0.6310096153846154 0.12620192307692307 0.1622596153846154
0 0.5697115384615384 0.8100961538461539 0.17548076923076922 0.19951923076923078
0 0.15625 0.7295673076923077 0.19951923076923078 0.23317307692307693
0 0.5096153846153846 0.9471153846153846 0.1622596153846154 0.10576923076923077
0 0.07932692307692307 0.6021634615384616 0.15865384615384615 0.14182692307692307
0 0.24879807692307693 0.3088942307692308 0.10336538461538461 0.09014423076923077