1 0.13565734178854297 0.41586538461538464 0.1220564572240146 0.1502403846153846
1 0.16200599450366757 0.2800480769230769 0.07734867532946471 0.07692307692307693
1 0.2412273805804978 0.3737980769230769 0.0860770874645791 0.0829326923076923
1 0.4403091309204311 0.6802884615384616 0.11200525258295795 0.11899038461538461
0 0.47542874265143237 0.44591346153846156 0.15361629701102536 0.17908653846153846
0 0.5883244181206772 0.6310096153846154 0.1347055891865512 0.1622596153846154
0 0.5272561980327286 0.8100961538461539 0.18593712903964524 0.19951923076923078
0 0.11801499756633894 0.7295673076923077 0.21173931391936296 0.23317307692307693
0 0.45997917058288884 0.9471153846153846 0.1678027458857063 0.10576923076923077
0 0.06540610670486526 0.6021634615384616 0.1308122134097305 0.14182692307692307
0 0.23260961625511828 0.3088942307692308 0.10808964356517797 0.09014423076923077