1 0.1865320636207387 0.41220065042719006 0.124688523429013 0.15289801627857919
1 0.19626556151783406 0.2759357416126601 0.07869629322642388 0.07862955620154917
1 0.28695581552215355 0.3677274867029378 0.08752998800973827 0.0848349970771368
1 0.5235319417788785 0.6692103337634611 0.11408984901731664 0.12145219078760706
0 0.5299793836911567 0.43430380743082225 0.1567537199273835 0.18244354687820527
0 0.6655187214787776 0.6165465041228094 0.13754822068794953 0.16519699774919872
0 0.6263589798676995 0.79683597060032 0.18943251295988317 0.20360359100950867
0 0.2072663159251332 0.725930548574252 0.2158242806695205 0.23781693856613265
0 0.5758441440041902 0.9352539548764954 0.16965572049402505 0.10954586523798107
0 0.12143429421117634 0.6003171069092949 0.1685713507323729 0.14551963233525647
0 0.2703980657085122 0.3031033912504805 0.10966888328817706 0.09255008680117527