0 0.45552884615384615 0.5120192307692307 0.1201923076923077 0.13581730769230768
1 0.4254807692307692 0.6201923076923077 0.0733173076923077 0.11658653846153846
0 0.13942307692307693 0.5853365384615384 0.09495192307692307 0.125
0 0.18870192307692307 0.7355769230769231 0.10096153846153846 0.15264423076923078
0 0.04447115384615385 0.6021634615384616 0.08774038461538461 0.13341346153846154
1 0.11778846153846154 0.8028846153846154 0.1201923076923077 0.13942307692307693
1 0.057692307692307696 0.7223557692307693 0.078125 0.09134615384615384
0 0.051682692307692304 0.16826923076923078 0.0889423076923077 0.09975961538461539
0 0.24519230769230768 0.3004807692307692 0.09014423076923077 0.14783653846153846
0 0.027644230769230768 0.3425480769230769 0.055288461538461536 0.09014423076923077
1 0.07211538461538461 0.2848557692307692 0.109375 0.11057692307692307