0 0.44361146627467907 0.48016555080938655 0.12335349061800226 0.1442219725893642
1 0.4110456330391021 0.5904397939567275 0.07603088949578006 0.1217133840487429
0 0.12579921776543754 0.5755871271809528 0.0978613303713676 0.1316396852686746
0 0.17158118015192247 0.7223815991885443 0.10451437236917747 0.15970414928275836
0 0.03793922620348535 0.5990537355265506 0.0758784524069707 0.1395488669133128
1 0.09910111468568308 0.7946480437855 0.12343741582841893 0.14782774182013342
1 0.040879290538834864 0.7183215300801821 0.08025110533055563 0.09680918602924066
0 0.04776618248824772 0.16465522486349646 0.09126423851383555 0.1059790674084372
0 0.2381985401575852 0.2833352528407739 0.09358516439631423 0.15414003713433092
0 0.024182315839543146 0.34061500399675393 0.04836463167908629 0.09401037662187679
1 0.06548529299246772 0.2798129702925353 0.11194870645277787 0.11822516813324456