0 0.4346656612470686 0.5120192307692307 0.1257264388999741 0.13581730769230768
1 0.4002098692028415 0.6201923076923077 0.0780678451006584 0.11658653846153846
0 0.11557244065640872 0.5853365384615384 0.10004528277247442 0.125
0 0.15872946025310186 0.7355769230769231 0.10718131424360593 0.15264423076923078
0 0.03326157815207638 0.6021634615384616 0.06652315630415276 0.13341346153846154
1 0.08507342041703575 0.8028846153846154 0.1258733627373457 0.13942307692307693
1 0.03459105043944523 0.7223557692307693 0.06918210087889046 0.09134615384615384
0 0.045664923413404786 0.16826923076923078 0.09132984682680957 0.09975961538461539
0 0.23294865457800162 0.3004807692307692 0.09616810810146931 0.14783653846153846
0 0.021583622477649275 0.3425480769230769 0.04316724495529855 0.09014423076923077
1 0.06050840146302247 0.2848557692307692 0.11388066434606464 0.11057692307692307