0 0.11899038461538461 0.6322115384615384 0.04567307692307692 0.06850961538461539
0 0.9026442307692307 0.31850961538461536 0.038461538461538464 0.06490384615384616
0 0.7439903846153846 0.6610576923076923 0.03485576923076923 0.07692307692307693
0 0.7151442307692307 0.6177884615384616 0.025240384615384616 0.0733173076923077
0 0.29447115384615385 0.4230769230769231 0.03365384615384615 0.0733173076923077
0 0.08413461538461539 0.7944711538461539 0.03485576923076923 0.06850961538461539
1 0.9326923076923077 0.5877403846153846 0.028846153846153848 0.06009615384615385
1 0.7836538461538461 0.671875 0.03365384615384615 0.0733173076923077
1 0.6850961538461539 0.6322115384615384 0.037259615384615384 0.06971153846153846
1 0.5360576923076923 0.5877403846153846 0.040865384615384616 0.06370192307692307
1 0.46033653846153844 0.5913461538461539 0.028846153846153848 0.056490384615384616
1 0.44471153846153844 0.5661057692307693 0.019230769230769232 0.04447115384615385
1 0.4387019230769231 0.6274038461538461 0.02403846153846154 0.07451923076923077
1 0.3701923076923077 0.7920673076923077 0.039663461538461536 0.07451923076923077
1 0.11658653846153846 0.8641826923076923 0.04567307692307692 0.06129807692307692
1 0.056490384615384616 0.8413461538461539 0.03485576923076923 0.06490384615384616
1 0.11538461538461539 0.796875 0.03365384615384615 0.055288461538461536
1 0.07572115384615384 0.7259615384615384 0.038461538461538464 0.0733173076923077
1 0.036057692307692304 0.7211538461538461 0.03125 0.0733173076923077
1 0.7043269230769231 0.7524038461538461 0.03245192307692308 0.0889423076923077
0 0.3473557692307692 0.1778846153846154 0.038461538461538464 0.0889423076923077
0 0.5168269230769231 0.37259615384615385 0.05048076923076923 0.09735576923076923