0 0.16319892197390204 0.6329038042683709 0.050463735914399135 0.06877533357309645
0 0.9249165927464306 0.32376104589907145 0.04300005750594894 0.06512760883888287
0 0.7902160415491957 0.6653861017463718 0.04023475476488541 0.07712586185639153
0 0.7583442083401015 0.6219490489633634 0.030367230202589194 0.07346415195436315
0 0.32405557428379284 0.4247901061342357 0.038780691741050734 0.07351310004171484
0 0.13968945035415914 0.7949606347196718 0.03964642822209145 0.06871240031793
1 0.9737911190389141 0.5931666297275257 0.03304848629468209 0.060263975859931415
1 0.8306359229283923 0.6764341647076235 0.038780691741050734 0.07351310004171498
1 0.7293046912046712 0.6361973112887556 0.04213432102490809 0.06992830856266771
1 0.5771565036542987 0.5908590770380843 0.045319857010824464 0.06393967092977458
1 0.5016874897550566 0.5940243134826874 0.03279634634777036 0.05665820662916232
1 0.48429751012667477 0.5686930252765066 0.022340495242680173 0.044583035188672133
1 0.48257427383955825 0.6299561392800465 0.029249353774636607 0.0746590824473789
1 0.4255790493639103 0.7942210235357864 0.044874353774636604 0.07474998603817494
1 0.17701607907137498 0.8648609729467099 0.0499594560205758 0.061563795111557996
1 0.11532303889478038 0.8416748052898015 0.039394288275179774 0.06510663108716076
1 0.17110754365210024 0.7975462880551103 0.03751999200649218 0.05548425388786882
1 0.12648532982437535 0.7264020712477046 0.043588384048742976 0.07354107037734454
1 0.08648568169003154 0.7213636236710681 0.03637684558720451 0.07349911487390005
1 0.756940125332497 0.7565015003235817 0.03867137510074496 0.08913110745780764
0 0.35979467327841286 0.1799054721338535 0.044680990485360346 0.0891660703773444
0 0.5428813842577983 0.37560296492633505 0.057288547797385084 0.09764945775487988