0 0.1410676980200232 0.6412280906508764 0.048065485409891404 0.07197051420476551
0 0.9137668316289822 0.38690790522494695 0.040728030712204946 0.06781828726555138
0 0.7670750279092082 0.71743391256224 0.037541982268596015 0.07956428918055991
0 0.7367178792292768 0.6719788509592302 0.027800681417063197 0.07522990967186434
0 0.30924532555420103 0.4453906128384161 0.036214142955524734 0.07586744366504974
0 0.11187815941591978 0.8008464937780091 0.03724817771758367 0.07115082764209837
1 0.9532166541844526 0.6584155815742359 0.030944757781955882 0.06228198467993287
1 0.8071162381561142 0.7312567376509935 0.03621414295552501 0.07586744366504988
1 0.7071734672507924 0.6841250207637876 0.03969399595014577 0.07253490328850304
1 0.5565820387998374 0.628360407609776 0.04308990478733485 0.06679851675810976
1 0.48098680118983156 0.6262283709018756 0.030818841545807957 0.05867621544916364
1 0.4644803875367947 0.5998039945848607 0.02078373614326277 0.045928374402006394
1 0.46061134816669747 0.6606466900842336 0.026640730418856232 0.07634075646404662
1 0.39785190756618 0.8201188033924702 0.042265730418856236 0.07752474816567692
1 0.14676446305837335 0.8730170919275486 0.04781365293759514 0.06475897574322705
1 0.08587083971661467 0.8456267392289708 0.03712226148143554 0.06754505841132914
1 0.14321210357335185 0.8056183233351155 0.035584561774784154 0.05783859751120373
1 0.10107228939064379 0.7316993444002081 0.04102183526321708 0.07623174880401305
1 0.06124093953731808 0.7238861346960697 0.033810296801678616 0.0756852910955683
1 0.7306014443531659 0.8057745490119477 0.035557856901910156 0.0914013673803091
0 0.3535676368807436 0.20420566167470303 0.04156747228652568 0.09185674880401293
0 0.5298382674788964 0.4117589562846925 0.053880507606768685 0.10118097318988226